
#SECRET NETWORK
MNEMONIC="elbow book lottery just tomato pretty boost slow bounce voice time legend"
CODE_HASH="5ea9d9c1da34c43c0415ae46323455ace61d609491024f9fb40f4019bfff0028"
SECRET_ADDRESS="secret1shrjlxxmhtlw4ps3hpdkx6w4k4z9yagz3zxs6t"
SECRET_PUBLIC_KEY=2,157,171,187,198,109,213,117,175,96,100,156,233,244,72,187,50,246,27,143,163,234,71,199,246,1,15,191,96,181,215,192,205

#EVM
PRIVATE_KEY="4c7edcb1541d07021aa9a09fbb4dafe135ab068b87659cce5332a10bb560e373"
INFURA_KEY="6487a6329dd040b18b0a3024a16c2b93"
CONTRACT_ADDRESS="0xE54b16997CC32Be13333097aA982E49A663603c2"



ECC_PUBLIC_KEY=2,222,9,250,37,170,238,98,60,183,16,206,225,112,148,59,22,171,137,211,179,137,122,230,238,10,130,31,251,242,220,150,231
ECC_PRIVATE_KEY=252,139,6,36,219,59,234,29,140,129,146,143,142,86,55,76,158,211,98,219,192,231,51,10,104,220,208,183,7,142,163,104
